idx,alpha = 1,alpha = 3,alpha = 5,alpha = 7,alpha = 9,alpha = 11,alpha = 13,alpha = 15,alpha = 17,alpha = 19,alpha = 21,alpha = 23,alpha = 25,alpha = 27,alpha = 29,alpha = 31,alpha = 33,alpha = 35,alpha = 37,alpha = 39,alpha = 41,alpha = 43,alpha = 45,alpha = 47,alpha = 49
k = 1,0.2208083663970768,0.5713831135909806,0.7004320728912946,0.7441665492451072,0.7738362545494979,0.7980932478003238,0.8052548302129164,0.8159414462175627,0.817419037589788,0.8200699686905427,0.8250499564624112,0.8259203278420643,0.8300062416816057,0.8363548632398838,0.8378020250088092,0.8361082740682306,0.8351717292229637,0.8368530541850554,0.8378961634200376,0.8378386511817766,0.8416637399668117,0.839270252975781,0.8432418846089768,0.843775311425896,0.8429301357717304
k = 3,0.222238252970718,0.598314903547172,0.7252152521046686,0.7656336111155666,0.7983158516406641,0.8084044487951745,0.8183674951592892,0.82699538210917,0.8363750365037653,0.8355420275320391,0.8408327843602807,0.8395912491259147,0.8451192242590799,0.8430628915979705,0.8398374140325446,0.8506316535820606,0.8473030263144796,0.844747448553304,0.8468080326293649,0.8536877944560899,0.8519655315777985,0.8500778900250398,0.84847356932995,0.8531980235470813,0.8515991414833313
k = 5,0.24034598347143749,0.6189506593046865,0.7287880553809298,0.7768238975647771,0.8061671644396847,0.8185875427240787,0.8247876746761295,0.8351822993846264,0.8372823786447088,0.8418465273861496,0.8444777262249709,0.8428243248227443,0.8491944337075459,0.8504854552617935,0.8458069924829674,0.8533989149905914,0.8506626609232539,0.8499822600187479,0.8512758759364072,0.8566357651993604,0.8501248710832338,0.8526440065203058,0.8529268060189292,0.8531987983390972,0.8607013727154145
k = 7,0.2398721199518766,0.6299259718235438,0.7425770797457125,0.7804293670543334,0.8072865874679463,0.8244588948831678,0.8290763217151229,0.8382615137155488,0.8392071068225544,0.8439502380001205,0.8446766461360188,0.8469815303806778,0.8518961365789011,0.8526510419341248,0.8509497186869238,0.8514114283773682,0.8491099829223169,0.8550984158086032,0.8582710580692545,0.8578829786427257,0.854864759250661,0.8505563520504799,0.8573013571071103,0.8554950496184709,0.8546789710170616
k = 9,0.24687436833192375,0.6311990478977798,0.7467465142164701,0.7824968526324868,0.8042764849017127,0.821294507645136,0.8279716063989133,0.8337448512114303,0.8408964528243933,0.8443803392927179,0.8511056771743947,0.8454808273790171,0.8534168810043976,0.8496967479209634,0.8529977778766158,0.8522907689822684,0.8518447947735069,0.8473697107394615,0.8508921208746433,0.8572892326777308,0.8547215019165051,0.8576652498384997,0.8570903711645169,0.8539840701304232,0.8554772490096856
k = 11,0.2517063609983733,0.6399885475615563,0.7501018813353679,0.7834232420698393,0.807364404847425,0.819215537984457,0.8319406706296117,0.8329887572652108,0.8367934718663947,0.8449095228143136,0.8508122575315413,0.8476473057113536,0.8448419570080292,0.8473497789638434,0.8496194431212185,0.8521640293446231,0.853114166044266,0.8543290000928894,0.857008184937858,0.8540218104889545,0.8543707327228527,0.8568787009427586,0.8515053283903601,0.8555168184882916,0.8608523080138035
k = 13,0.2614394712508842,0.6465880636837887,0.7525830522932587,0.7817953364817176,0.807076226258147,0.8260332656044798,0.8311213727051474,0.8308594829451993,0.8381155570688223,0.8410160370529063,0.8458960595777384,0.8457150512140776,0.8459417390876744,0.8514391740531302,0.849117972845742,0.8518292587446041,0.8533147579782527,0.8537565474130784,0.8567735245152995,0.8540288470670243,0.8553267560373017,0.8519016101657249,0.8546749639516703,0.8549699380596835,0.8558154426606415
k = 15,0.2605982004155204,0.6362737494847861,0.7476723983264864,0.7860553694564849,0.8027876378754601,0.8236171507874017,0.8304585973231358,0.8307533142022651,0.837529660515013,0.8414105122159652,0.8429206797372327,0.8432870677615373,0.8416917730152221,0.8450269482087143,0.8468781901021863,0.8525585603708983,0.8499928473329572,0.8545425414978421,0.8518290132535021,0.854016033095399,0.8507924108144953,0.8528471680656082,0.8569503963158926,0.8537765136917695,0.8515537906515613
k = 17,0.2611452370136732,0.6485251585871319,0.7526320044167555,0.7880994072639232,0.8016817751808096,0.8190146733159656,0.825318218753164,0.8324947246540418,0.8404588681286498,0.8393247112489617,0.8406903612627901,0.8509411666936337,0.8482990791054753,0.8522815167934661,0.8494665863240227,0.8499118195387947,0.8502764242874539,0.8498800015417112,0.850787227359142,0.8505227611103912,0.851548507700163,0.8538595551454552,0.851635421616975,0.8520422943646656,0.8536476958504924
k = 19,0.265274991990273,0.6413774328151105,0.7525464167054579,0.7831614760433879,0.8041832419723395,0.8175714243004879,0.8292001631522424,0.8310332009618324,0.8362793470425984,0.8401676974601389,0.8448912198544931,0.8444468555588,0.8440774515146343,0.8454644033344211,0.8488991576013388,0.8469010264222172,0.8446208105039663,0.8489654248489439,0.8474937578440116,0.847762857670751,0.8500747782595978,0.8465069707828652,0.8543124048270089,0.8517203264265116,0.8542050961686061
k = 21,0.25775266214621073,0.6446178012540106,0.7521176255663228,0.7805496952490449,0.8048479202550907,0.8226771885450995,0.830259532578672,0.8299295729142564,0.8366419211006658,0.840280520850396,0.8333267500527215,0.847424214699726,0.8426379440512589,0.8484459010506777,0.8437558785781842,0.8478564158122207,0.8450653607985729,0.8433551387243192,0.8460977596235686,0.8516036706640258,0.8492298007487147,0.8456098287399427,0.8483305059290093,0.8550655944015364,0.855623611739363
k = 23,0.25975887940270803,0.6417324026827635,0.7544533287857463,0.7831246808439606,0.8047223309103148,0.8188167424768558,0.82240589996493,0.8293100108340374,0.8315154776854126,0.8388080431668075,0.8408901122714892,0.8424717303949946,0.845520251454403,0.8432556928418886,0.8484545613321741,0.8453054447862833,0.8486251926846429,0.8432624295645532,0.8448946116462501,0.8512141805243856,0.8499066415661385,0.8470102787895106,0.8494192110305055,0.8529585082303439,0.8450552990781312
k = 25,0.2715858885786385,0.643254383561073,0.7495278417496898,0.7889614739971823,0.7988353628392467,0.8227741600026015,0.8237026357120858,0.8284519278563524,0.8341011441404944,0.8418924050206507,0.8419587391003613,0.8395078999931667,0.8434623399972144,0.848921902330197,0.847954718960026,0.8468375888838535,0.8426324177570621,0.8439909700265584,0.8472431851899132,0.8492986210681075,0.8487178623567656,0.8504751853221608,0.8492928866321632,0.8463673165286375,0.8484023086978875
k = 27,0.268384029752862,0.6449424217232584,0.7473048382847005,0.7840009749241574,0.8002007664818697,0.8110479060830494,0.8252850894504565,0.8274406166954387,0.832282690833634,0.8335965254755399,0.8424639387484726,0.8458560190062224,0.8435353274809886,0.8442043797856508,0.844318088696235,0.8485833850482833,0.8466987054149957,0.847618737735669,0.8480682189505776,0.8499847342136837,0.8455287264782602,0.8454439669587128,0.8489982328766243,0.8457017821483206,0.8474710508048109
k = 29,0.26817186329071585,0.6476015477617457,0.7481258882529866,0.7852042721356941,0.8010998464098389,0.8139222575603346,0.8229958864728093,0.8262711217856327,0.8297337104310578,0.8400135938925215,0.8385145614562249,0.8398183449432176,0.8388304350300645,0.8405464554903175,0.8418503772731531,0.8451885291427856,0.8433901726409061,0.8424443803496455,0.8444871869242272,0.8483594426195827,0.8408395234849392,0.8520357923719933,0.846675093968963,0.8502919790041359,0.8475708714246947
k = 31,0.265088491097207,0.6446467145479685,0.7501410943398015,0.7850262933205402,0.804263181899451,0.813174185178602,0.8216474212545434,0.824737704175931,0.8325330638774027,0.8414397300441218,0.8380166041530682,0.8441342568974519,0.8355909457545376,0.8422993485112155,0.8448823982764955,0.8441297830744066,0.8459777871883472,0.8431375046978209,0.8455039961833293,0.849033998825462,0.8461034512432732,0.8462245524613616,0.8457777422649464,0.8487283211423806,0.8444825438979006
k = 33,0.26929660685834866,0.6492090972684417,0.7537190685880077,0.7814123889908619,0.801893247485214,0.8205274715372243,0.8168038347434555,0.822393474728378,0.8295604847122423,0.8341660736527615,0.8321525304316155,0.8388919105324645,0.8393850864913528,0.8483741543760173,0.8396472173722147,0.8469365654258916,0.8418756544201192,0.8428409299083885,0.8448296733413396,0.842547015128489,0.8475833672484441,0.8452054984195041,0.8430441031497778,0.8440414347041398,0.8475104697350414
k = 35,0.26830295832949985,0.6531369312678622,0.7457055360465634,0.7834288104248429,0.7987822481717919,0.8161023499067186,0.8190074049434773,0.8226914087200001,0.8321905331575893,0.8367333644948216,0.8378528528013491,0.8418903523877163,0.8379899579233351,0.8390353893537208,0.8383776825676513,0.840370907907241,0.8418087260204674,0.8401857005545595,0.8481430441879683,0.8437988009578887,0.8427901528326569,0.8462257004059452,0.8433295360955236,0.8470056907417177,0.8457890919672455
k = 37,0.2704874232672914,0.6427365269943544,0.7457899769772688,0.7796820973273648,0.8040817497004149,0.817511429600118,0.8224009761273658,0.8275826012463551,0.8291928661595398,0.8353498487207911,0.8375345993024231,0.8357568121191832,0.8389484670742645,0.8443597970509051,0.8396760862354891,0.8392275352476934,0.8385219657879375,0.849337573850997,0.8476627209606175,0.8456572070572401,0.8444966717945027,0.8443622698121415,0.8438815425960902,0.8439493926379662,0.8470924271090097
k = 39,0.2710266712804837,0.6446752928131821,0.7505498536824684,0.7823085793275096,0.7986773197498978,0.8129964784218673,0.8208034919846169,0.8201887717597257,0.8314915875499895,0.8349642724065391,0.8406967744791158,0.8380640753804605,0.8350224528764164,0.8344521127124086,0.8379084001624113,0.8397386864926897,0.8400023843133744,0.844145870972685,0.8458857588047796,0.8436784586340558,0.8420592919958059,0.8418550110054799,0.8447056457166473,0.8421509456213622,0.845663470708813
k = 41,0.2693145489699616,0.6498407844380758,0.7500133027659611,0.7851937469632357,0.8056795674111052,0.8145409881546495,0.8157427638249585,0.8254576291296415,0.8277584486578744,0.8323648014393029,0.8322421166519028,0.8400096905926999,0.8335664564920557,0.8352390124930237,0.8353914536764055,0.8396368815523798,0.8422366588458152,0.8403910904290572,0.8383262614513501,0.8450923226287899,0.842050511984534,0.8399198753727293,0.8475779494912296,0.8450729338099718,0.8383402617683956
k = 43,0.2737110959285526,0.6421803736381728,0.7510902064021655,0.7804593564788045,0.8021362219501251,0.8105285689524997,0.8132469580893403,0.8204224823497498,0.8255902826776594,0.8376297344310247,0.8376561823915036,0.8368256869325339,0.8402814813886748,0.8371542334099346,0.8347088084505503,0.8434119553592966,0.8367666876701829,0.8402893306007796,0.8403995106317795,0.8397278810066495,0.8414922091043311,0.8464134728907405,0.8418365624210808,0.843496007498073,0.8455738250036727
k = 45,0.2680353586744637,0.6493925435289503,0.7523610750876235,0.7813221678376685,0.7988222798615947,0.8108327381310423,0.8173912389343183,0.8234093616441065,0.8288273125992444,0.8288524698338824,0.8282953983012303,0.836085561563122,0.8385799970436816,0.8396756619986627,0.8412857484133115,0.8418655621539349,0.837118515486994,0.8361478256391786,0.8406329872765703,0.8415809193734285,0.8432702452189595,0.8396503190672815,0.8406357752496258,0.8348292726912799,0.8369439089634314
k = 47,0.27184532152876156,0.6456389086121772,0.7489025139416237,0.7776907098339059,0.7971171764516926,0.8112386792399857,0.8178207056163413,0.8241157384864298,0.8281048505455526,0.8347942208611592,0.8359950428414378,0.8357014708256244,0.8349875828750886,0.839257762036891,0.8387445986458989,0.83810115334863,0.8391018980847151,0.8341699214279179,0.8390701351789588,0.843152422793054,0.8386322519539948,0.8368081706872784,0.8437094537562151,0.8410668006977436,0.8381274094399442
k = 49,0.27054486596062594,0.6459665769992362,0.7513600292916103,0.778657435920372,0.8043413601065404,0.8114403306469896,0.8152049406910387,0.8195856447908006,0.8235156542656519,0.834541095171127,0.8330651448987346,0.833267818293247,0.8357733802163484,0.8355238091733355,0.8346916944371559,0.8361783458855687,0.8388031154596621,0.8362915377408902,0.8344246557802908,0.8376881984512815,0.8392236384195193,0.8401712742206847,0.8368148919653804,0.8415073216343512,0.8418668715177307
